2 0.5703125 0.31875 0.578125 0.3203125 0.578125 0.3515625 0.553125 0.3515625 0.5515625 0.353125 0.253125 0.353125 0.2515625 0.3546875 0.1140625 0.3546875 0.10625 0.353125 0.071875 0.3421875 0.0625 0.3421875 0.0609375 0.3390625 0.0671875 0.3390625 0.0828125 0.3296875 0.1109375 0.321875 0.121875 0.3234375 0.125 0.321875 0.1265625 0.3234375 0.225 0.321875 0.23125 0.3234375 0.2328125 0.321875 0.2875 0.321875 0.2890625 0.3203125 0.29375 0.321875 0.30625 0.3203125 0.3078125 0.321875 0.3296875 0.321875 0.33125 0.3203125 0.4484375 0.321875 0.45 0.3203125 0.565625 0.3203125 0.56875 0.31875
3 1 0.3890625 1 0.19375 0.996875 0.1875 0.9935416671875 0.1575 0.9702083328125 0.1575 0.961875 0.2475 0.9635416671874999 0.3608333328125 0.9652354171875 0.3890625 1 0.3890625
2 0.08828125 0.86875 0.0546875 0.2625
1 0.440625 0.584375 0.265625 0.215625
1 0.0953125 0.64921875 0.190625 0.2234375
3 0.33046875 0.96171875 0.2796875 0.0765625
2 0.5796875 0.8945946890624998 0.2608333328125 0.6588541671874999 0.24583333281250003 0.6538541671875 0.2391666671875 0.6588541671874999 0.2425 0.6688541671875 0.5375 0.8838541671875 0.5796875 0.9135416656250002 0.5796875 0.8945946890624998
1 0.86875 0.87734375 0.209375 0.2453125
1 0.5796875 0.642326065625 0.6780791671874999 0.6012616671875 0.8470175 0.53458 0.9122208328125 0.5093883328125 0.9626058328125 0.4753066671875 0.9803875 0.44122500000000003 0.9537141671875 0.42937000000000003 0.9077741671874999 0.42788833281249994 0.8262708328125001 0.45308000000000004 0.7536575 0.4753066671875 0.6840075 0.5108699999999999 0.6602975 0.5419883328124999 0.5796875 0.5799703359375 0.5796875 0.642326065625
2 0.6470553328124999 1 0.8140625 0.57507 0.7699575000000001 0.571625 0.5923976390625 1 0.6470553328124999 1
3 1 0.3890625 0.751326634375 0.3890625 0.6721524999999999 0.42047999999999996 0.5796875 0.4425101359375 0.5796875 0.49436575000000005 0.9433408328125001 0.417515 1 0.3950897640625 1 0.3890625