1 0.2703125 0.03359375 0.359375 0.0671875
3 0.14296875 0.04765625 0.2859375 0.0953125
1 0.3515625 0.33515625 0.196875 0.3046875
3 0.053125 0.21796875 0.10625 0.3515625
2 0.45 0.091268221875 0.415744390625 0.0993019125 0 0.311293975 0 0.33333189375 0.0394324765625 0.3138826640625 0.4091830109375 0.126915384375 0.4356348234375 0.1112710203125 0.45 0.093995634375 0.45 0.091268221875
2 0 0.5091090015625 0.052971837499999994 0.47704589999999997 0.42165184062499994 0.228964259375 0.44462668125000004 0.20424492343749998 0.4422122296875 0.19874205625000002 0.3662346234375 0.2361164859375 0.051615898437499995 0.4463440125 0 0.48248585312500003 0 0.5091090015625
3 0.74765625 0.05703125 0.5046875 0.1140625
1 0.725 0.4453125 0.55 0.290625
2 1 0.30619458125 0.6176891624999999 0.0632367 0.597798728125 0.051267590625000005 0.5409304374999999 0.037855421875 0.5435391671875001 0.0518544328125 0.589695146875 0.09722528750000001 1 0.3587290609375 1 0.30619458125
3 0.253125 0.971875 0.2625 0.9703125 0.290625 0.978125 0.30625 0.975 0.334375 0.9765625 0.34375 0.9796875 0.3484375 0.978125 0.353125 0.98125 0.3875 0.9859375 0.396875 0.990625 0.4140625 0.9921875 0.4328125 0.9984375 0.440625 0.9984375 0.2859375 0.9984375 0.2765625 0.9921875 0.253125 0.9890625 0.25 0.9859375 0.253125 0.9734375
1 0.70390625 0.840625 0.5078125 0.15625
2 0.725 0.69765625 0.55 0.1578125
2 0.725 0.96328125 0.55 0.0734375