3 0.359375 0.4890625 0.359375 0.09288611875 0.330294825 0.045552300000000004 0.32435950468749997 0.015956978125 0.3011149609375 0.017990610937500002 0.3006573546875 0.1083744328125 0.31219533125 0.2211312375 0.35192068593750003 0.4890625 0.359375 0.4890625
3 0.4359375 0.37734375 0.153125 0.2234375
1 0.859375 0.3546875 0.259375 0.26875
3 0.6453125 0.03125 0.571875 0.0625
2 0.63671875 0.27578125 0.3796875 0.4265625
1 0.65485373125 0 0.5954235109375 0.05436353125 0.359375 0.18599230625000002 0.359375 0.23058722343750002 0.6091622078125 0.0966604109375 0.6641606437500001 0.0751183390625 0.79562489375 0 0.65485373125 0
3 0.1515625 0.5109375 0.153125 0.5140625 0.159375 0.515625 0.159375 0.5234375 0.1625 0.5296875 0.18125 0.528125 0.1875 0.5296875 0.19375 0.5359375 0.2046875 0.534375 0.20625 0.53125 0.2125 0.5296875 0.2359375 0.528125 0.2421875 0.540625 0.240625 0.5453125 0.23125 0.5484375 0.2140625 0.55 0.2078125 0.553125 0.2 0.553125 0.1890625 0.565625 0.1796875 0.565625 0.175 0.56875 0.1609375 0.56875 0.15 0.5734375 0.1421875 0.58125 0.1375 0.5828125 0.128125 0.5828125 0.125 0.5859375 0.1140625 0.5859375 0.1078125 0.5890625 0.1015625 0.5890625 0.1 0.5921875 0.0734375 0.5953125 0.06875 0.5984375 0.05625 0.5984375 0.053125 0.6015625 0.0375 0.6015625 0.0328125 0.6046875 0.0203125 0.6046875 0.0171875 0.6078125 0.003125 0.6078125 0 0.6109375 0 0.5390625 0.009375 0.5390625 0.015625 0.534375 0.0296875 0.5328125 0.034375 0.5296875 0.04375 0.5296875 0.05625 0.525 0.0640625 0.525 0.06875 0.521875 0.1125 0.5171875 0.1140625 0.5140625 0.11875 0.5140625 0.121875 0.5109375 0.1390625 0.5109375 0.140625 0.509375 0.15 0.5109375
1 0.5484375 0.52421875 0.3125 0.0703125
2 0.5109375 0.684375 0.303125 0.09375
1 0.84609375 0.93203125 0.2328125 0.1359375
3 0.75234375 0.64921875 0.2296875 0.2578125
3 0.4359375 0.89453125 0.153125 0.2109375
2 0.6555121015625 1 0.75327406875 0.836855665625 0.756802446875 0.8198166421874999 0.74322933125 0.8176580703124999 0.6919451750000001 0.9007774062500001 0.6329048203125 1 0.6555121015625 1