1 0.253125 0.178125 0.5 0.125
3 0.46015625 0.29921875 0.3578125 0.1296875
1 0.1203125 0.37890625 0.240625 0.1609375
3 0.515625 0.40078125 0.246875 0.1171875
2 0.3521221484375 0.459375 0.29618016406250003 0.4010703984375 0.1467027546875 0.24746247968750001 0.11777247500000002 0.2276933953125 0.112312584375 0.2302035171875 0.1173328296875 0.24112329687499998 0.145302015625 0.277614578125 0.3227935125 0.459375 0.3521221484375 0.459375
2 0.19945654375 0.459375 0.14897269062500001 0.392942003125 0.084885384375 0.32879343125 0.09751779687499999 0.3662304875 0.1677860578125 0.459375 0.19945654375 0.459375
3 1 0 0.9760736734375 0 0.9445386578124999 0.2585257796875 0.947979240625 0.3113814109375 0.9606269703125001 0.31675949999999997 0.979711 0.2708462984375 1 0.1427465953125 1 0
1 0.05859375 0.80234375 0.1171875 0.3953125
3 0.4796875 0.971875 0.31875 0.05625
1 0.38125 0.85 0.3625 0.259375
2 0.42367142031249994 0.459375 0.510561375 0.8972042437500001 0.5229330640625001 0.9362874484375 0.5334131984375 0.9446971062500001 0.5343896078125 0.8959159390625 0.45023135 0.459375 0.42367142031249994 0.459375
3 0.3526496796875 1 0.3369695953125 0.9810811703125001 0.2911535140625 0.940075778125 0.2700143234375 0.9350402171875001 0.1639246765625 0.8271154062499999 0.11212725781249999 0.7919124328125 0.11082363749999999 0.80014316875 0.126063290625 0.8211187515624999 0.1962955421875 0.8997401234375001 0.29387171562500003 1 0.3526496796875 1
1 0.6390625 0.81875 0.809375 0.846875 0.8203125 0.8484375 0.828125 0.846875 0.85 0.853125 0.9984375 0.8765625 0.9984375 0.903125 0.984375 0.9015625 0.7375 0.8609375 0.6390625 0.846875 0.6390625 0.8203125