1 0.052757021875 0.4796875 0.047387135937500005 0.28542753125 0.0362646171875 0.1391737171875 0.0268633890625 0.1082085890625 0.0101148828125 0.108000859375 0 0.11610153125 0 0.2953742578125 0.0038657109375 0.304292459375 0.0192107890625 0.4796875 0.052757021875 0.4796875
3 0 0 0 0
1 0.3953125 0.86640625 0.228125 0.2453125
3 0.03046875 0.73984375 0.0609375 0.5203125
2 0.509375 0.5966727671875 0.21028670312500003 0.7519431671875 0.203728196875 0.772593359375 0.1750669015625 0.7700817984375 0.0843504140625 0.8231903546874999 0.084142684375 0.839938859375 0.0938969015625 0.8558158062500001 0.1328731328125 0.8423676296875 0.509375 0.646281284375 0.509375 0.5966727671875
1 0.12777114375 0.4796875 0.040415035937499996 0.7417095171874999 0.02366653125 0.7415017875000001 0.0021026343749999997 0.78186814375 0 0.7881054140625 0 0.9856370859375 0.031198203125 0.9232034562500001 0.087422690625 0.762692375 0.117683346875 0.6496247296875 0.150413415625 0.5647825984375 0.1766277625 0.4796875 0.12777114375 0.4796875
3 0.64765625 0.75546875 0.2765625 0.0890625
1 0.64609375 0.503125 0.2734375 0.046875
1 0.64921875 0.63359375 0.2796875 0.0859375
3 0.6484375 0.87890625 0.278125 0.0796875
2 0.703125 0.97421875 0.3875 0.0515625