3 0.1796875 0.09375 0.190625 0.09375 0.1953125 0.0984375 0.209375 0.1203125 0.215625 0.1359375 0.2203125 0.1390625 0.2203125 0.14375 0.2234375 0.1453125 0.2234375 0.15 0.2265625 0.1515625 0.2265625 0.15625 0.2296875 0.159375 0.23125 0.1703125 0.2390625 0.1859375 0.2453125 0.209375 0.2484375 0.2125 0.25 0.2234375 0.2578125 0.2375 0.2578125 0.24375 0.2625 0.2515625 0.26875 0.275 0.271875 0.278125 0.2734375 0.2890625 0.2765625 0.290625 0.2765625 0.296875 0.2796875 0.3 0.2828125 0.315625 0.2875 0.3171875 0.2875 0.321875 0.2953125 0.3375 0.2984375 0.334375 0.3046875 0.334375 0.3171875 0.3484375 0.3171875 0.353125 0.321875 0.35625 0.3234375 0.365625 0.3265625 0.36875 0.3328125 0.39375 0.3359375 0.3953125 0.3359375 0.4015625 0.3390625 0.4046875 0.3390625 0.4078125 0.325 0.4078125 0.3234375 0.396875 0.31875 0.3921875 0.3171875 0.384375 0.3140625 0.3828125 0.3125 0.3765625 0.3109375 0.3859375 0.3203125 0.4046875 0.31875 0.4078125 0.2703125 0.4078125 0.265625 0.390625 0.2578125 0.375 0.2578125 0.3703125 0.25 0.35625 0.2484375 0.34375 0.24375 0.3359375 0.2421875 0.3234375 0.2375 0.315625 0.2328125 0.2890625 0.228125 0.28125 0.2265625 0.2734375 0.221875 0.26875 0.221875 0.2625 0.2171875 0.2546875 0.2140625 0.2375 0.2109375 0.234375 0.209375 0.2234375 0.1953125 0.1875 0.1921875 0.1703125 0.1890625 0.1671875 0.1796875 0.128125 0.18125 0.121875 0.178125 0.1140625 0.1796875 0.1109375 0.178125 0.096875 0.1796875 0.0953125
3 0.5049159390625 0.409375 0.50656413125 0.36752099843749997 0.49419182343749996 0.31393064531250003 0.46907646718749996 0.24959820000000002 0.4647038125 0.2454761859375 0.4540859984375 0.2513485171875 0.4477144734375 0.2459774703125 0.4390625 0.22842568281250003 0.4390625 0.36955910468750003 0.45030691093749997 0.409375 0.5049159390625 0.409375
1 0.16015625 0.83046875 0.3203125 0.1296875
1 0.07578125 0.61875 0.1515625 0.38125
2 0.2390625 0.51484375 0.4 0.2109375
2 0.31171875 0.80390625 0.2546875 0.3921875
3 0.1206688796875 0.7983008234375 0.1415295890625 0.7849322140625 0.16026506406250002 0.7549491859374999 0.188116590625 0.6903619234375 0.19261143281249998 0.665377109375 0.2605562484375 0.5299553343750001 0.27229464062500003 0.48448264218750003 0.2466884453125 0.51434139375 0.2065951546875 0.5851759046875 0.139149534375 0.7153509124999999 0.0994332515625 0.8100454812500001 0.10080865000000001 0.8234120015624999 0.11017743124999999 0.8195385406250001 0.1206688796875 0.7983008234375
1 0.69921875 0.68359375 0.328125 0.1453125
3 0.57734375 0.56875 0.2765625 0.21875
1 0.81953125 0.52578125 0.2703125 0.2328125
3 0.5734375 0.8640625 0.1875 0.271875
2 0.7109486609375001 1 0.5348231203125 0.6865190359375 0.524078940625 0.677025978125 0.516709028125 0.6821484703125 0.6907026078125 1 0.7109486609375001 1