1 0.27265625 0.28359375 0.1296875 0.325
1 0.32890625 0.10859375 0.1203125 0.2171875
3 0.36328125 0.36328125 0.0515625 0.3046875
3 0.15390625 0.465625 0.3078125 0.10625
2 0 0.41488587343749994 0.33485267812499997 0.45754512031249994 0.3472396828125 0.4505208859375 0.34073689687500003 0.44142617343749996 0 0.3969655671875 0 0.41488587343749994
1 0.733616190625 0 0.752263428125 0.1493699515625 0.7399735421875 0.1783155484375 0.7382609078125 0.22077285 0.748168425 0.28332644375 0.7621350921875 0.3182380640625 0.7767868109375 0.3361667609375 0.8038255359375001 0.347071225 0.8137024203125 0.3455068796875 0.8189833890625 0.3362332484375 0.8203228640625 0.23814946718750002 0.7940050453125 0.103947565625 0.779151975 0 0.733616190625 0
1 0 0.51875 0.003125 0.51875 0.0078125 0.5390625 0.0109375 0.54375 0.0125 0.5625 0.0140625 0.5703125 0.0171875 0.5734375 0.0171875 0.58125 0.021875 0.5984375 0.025 0.6 0.0265625 0.609375 0.0296875 0.6125 0.028125 0.615625 0.0296875 0.621875 0.0265625 0.625 0.0265625 0.63125 0.03125 0.634375 0.0421875 0.709375 0.0484375 0.7234375 0.0484375 0.7296875 0.0546875 0.740625 0.0546875 0.7484375 0.0578125 0.7515625 0.059375 0.7671875 0.0625 0.7703125 0.0640625 0.7859375 0.0671875 0.7890625 0.06875 0.8078125 0.071875 0.8109375 0.078125 0.846875 0.0875 0.878125 0.0890625 0.8953125 0.0921875 0.8984375 0.0921875 0.90625 0.096875 0.9171875 0.0984375 0.93125 0.1015625 0.9359375 0.1015625 0.9453125 0.1078125 0.95625 0.1078125 0.9640625 0.1109375 0.9671875 0.1125 0.975 0.1125 0.984375 0.115625 0.9875 0.1171875 0.9953125 0.1171875 0.9984375 0.0640625 0.9984375 0.0640625 0.99375 0.0609375 0.9921875 0.059375 0.9828125 0.05625 0.978125 0.05625 0.9703125 0.053125 0.9671875 0.0515625 0.953125 0.0484375 0.95 0.0484375 0.9421875 0.0453125 0.9390625 0.0453125 0.93125 0.040625 0.9203125 0.040625 0.9125 0.0328125 0.890625 0.0328125 0.884375 0.0296875 0.88125 0.0296875 0.8734375 0.0265625 0.8703125 0.0265625 0.8625 0.021875 0.8515625 0.021875 0.8453125 0.01875 0.8421875 0.01875 0.8328125 0.015625 0.8296875 0.0140625 0.8171875 0.0109375 0.8125 0.0109375 0.8046875 0.0078125 0.8015625 0.00625 0.784375 0.0015625 0.7796875 0 0.7734375 0 0.5203125
2 0.5375 0.66015625 0.11875 0.2828125
2 0.421875 0.6609375 0.065625 0.284375
3 0.65 0.60703125 0.096875 0.1765625
1 0.91640625 0.5875 0.1296875 0.1375
3 0.7789952625 0.51875 0.788407284375 0.5930560796875 0.8002637296875001 0.6559288796875 0.8087749328125 0.6856947984375 0.81355110625 0.6798928203125 0.813455228125 0.6353393578125 0.8188487062500001 0.6294396078125 0.8197911203124999 0.62340391875 0.8183630421875 0.5824251296874999 0.8202802078125 0.5745532171875001 0.811441846875 0.51875 0.7789952625 0.51875