3 0.19375 0.03515625 0.3875 0.0703125
2 0.22734375 0.47578125 0.4546875 0.0671875
3 0.19765625 0.190625 0.3953125 0.0625
2 0.2140625 0.33671875 0.428125 0.0609375
1 0.86640625 0.396875 0.1171875 0.265625
3 0.713000246875 0.5296875 0.7259177515624999 0.5188672624999999 0.798903059375 0.44661515312500005 0.7951381625 0.4384676953125 0.7352133125 0.473318346875 0.6680825046875001 0.5296875 0.713000246875 0.5296875
1 0.559375 0.46950861250000003 0.58655990625 0.47109521875000004 0.6336058265625 0.44526429062500006 0.681443865625 0.40270231250000005 0.6874035843749999 0.38903834531250003 0.6858335046875 0.359079459375 0.6561362984375 0.3656426859375 0.5927954578125 0.399003409375 0.559375 0.4239052390625 0.559375 0.46950861250000003
1 0.0734375 0.86640625 0.071875 0.2671875
1 0.31875 0.93359375 0.328125 0.1328125
2 0.41171875 0.69921875 0.2953125 0.3390625
2 0 0.731372084375 0.20811543281249997 0.6089848328125 0.21766559531250002 0.6001395609375 0.21214908906250002 0.5904149453125 0.189022184375 0.5949648828124999 0 0.7048238296875 0 0.731372084375
3 0.10257089531250001 0.951644878125 0.1539993796875 0.91390159375 0.2098104234375 0.8642459500000002 0.3448281734375 0.73366738125 0.369539309375 0.6956553390625 0.3050574453125 0.739089584375 0.20473712656249998 0.8311327531250001 0.17407335 0.851098265625 0.1729323265625 0.8611717875 0.1453356375 0.8759697 0.12001391406249999 0.9023310640625001 0.1222016578125 0.9122301328125 0.09258459999999999 0.9521682375000001 0.10257089531250001 0.951644878125
3 0.734375 0.74375 0.7421875 0.7453125 0.74375 0.7484375 0.7640625 0.7515625 0.76875 0.75 0.79375 0.75625 0.7953125 0.7546875 0.8015625 0.7609375 0.8015625 0.76875 0.79375 0.7765625 0.7734375 0.778125 0.759375 0.7828125 0.746875 0.7828125 0.7203125 0.7875 0.678125 0.7875 0.6453125 0.790625 0.6171875 0.7890625 0.5859375 0.7921875 0.559375 0.7921875 0.559375 0.7453125 0.5609375 0.746875 0.584375 0.746875 0.5859375 0.7453125 0.6125 0.7453125 0.6140625 0.746875 0.6453125 0.74375 0.7328125 0.7453125